
=== TOP 20 ===
 rank           h3_id  score_final     lat     lon  score_commercial_density  score_mixed_use  score_anchor_proximity  score_residential  score_connectivity  penalty_void_or_inviable  penalty_isolation  landuse_inviavel_pct
    1 89a8b1a2637ffff      100.000 -22.402 -41.795                     1.200            1.500                   1.800              0.918               0.942                     0.927                0.0                 0.421
    2 89a8b1a20cbffff       99.916 -22.401 -41.799                     1.200            1.500                   1.800              1.000               1.000                     1.358                0.0                 0.617
    3 89a8b1a2627ffff       99.832 -22.399 -41.795                     1.200            1.500                   1.474              1.000               1.000                     1.110                0.0                 0.505
    4 89a8b1a2623ffff       99.748 -22.401 -41.792                     1.200            1.500                   1.800              0.785               0.924                     0.774                0.0                 0.352
    5 89a8b1a20dbffff       99.664 -22.404 -41.799                     1.200            1.500                   1.800              0.963               0.935                     1.127                0.0                 0.512
    6 89a8b1a2053ffff       99.580 -22.397 -41.798                     1.200            1.500                   1.800              1.000               1.000                     1.470                0.0                 0.668
    7 89a8b1a20c3ffff       99.496 -22.402 -41.802                     1.200            1.500                   1.593              1.000               1.000                     1.528                0.0                 0.695
    8 89a8b1a20d3ffff       99.412 -22.405 -41.802                     1.197            1.479                   1.800              0.793               0.912                     0.938                0.0                 0.426
    9 89a8b1a262fffff       99.328 -22.398 -41.792                     1.200            1.500                   1.800              0.888               1.000                     0.907                0.0                 0.412
   10 89a8b1a20cfffff       99.244 -22.399 -41.802                     1.200            1.500                   1.403              1.000               1.000                     1.603                0.0                 0.728
   11 89a8b1a26afffff       99.160 -22.405 -41.796                     1.200            1.478                   1.735              0.485               0.599                     0.657                0.0                 0.299
   12 89a8b1a205bffff       99.049 -22.396 -41.795                     1.200            1.500                   1.736              1.000               1.000                     1.283                0.0                 0.583
   13 89a8b1a2633ffff       98.199 -22.404 -41.792                     1.200            1.500                   1.520              0.399               0.576                     0.533                0.0                 0.242
   14 89a8b1a26a7ffff       98.084 -22.407 -41.799                     1.200            1.417                   1.795              0.452               0.606                     0.509                0.0                 0.231
   15 89a8b1a262bffff       97.947 -22.399 -41.789                     1.200            1.500                   1.621              0.717               0.841                     0.641                0.0                 0.292
   16 89a8b1a20d7ffff       97.118 -22.404 -41.805                     0.890            1.454                   1.449              1.000               1.000                     1.637                0.0                 0.744
   17 89a8b1a20c7ffff       96.957 -22.400 -41.805                     0.875            1.472                   1.796              1.000               1.000                     1.826                0.0                 0.830
   18 89a8b1a2043ffff       94.889 -22.394 -41.798                     1.169            1.500                   1.601              1.000               1.000                     1.280                0.0                 0.582
   19 89a8b1a263bffff       94.754 -22.402 -41.789                     1.200            1.500                   1.244              0.373               0.525                     0.407                0.0                 0.185
   20 89a8b1a246fffff       94.614 -22.407 -41.805                     0.568            1.434                   1.714              0.593               0.838                     1.478                0.0                 0.672

=== BOTTOM 20 ===
 rank           h3_id  score_final     lat     lon  score_commercial_density  score_mixed_use  score_anchor_proximity  score_residential  score_connectivity  penalty_void_or_inviable  penalty_isolation  landuse_inviavel_pct
  338 89a8b1b0b67ffff        0.084 -22.419 -41.830                     0.000            0.000                   0.478              0.000               0.000                     2.200              0.900                 1.803
  339 89a8b1a259bffff        2.468 -22.416 -41.830                     0.000            0.000                   0.498              0.000               0.000                     2.200              0.900                 3.349
  340 89a8b1a258bffff        6.882 -22.413 -41.829                     0.000            0.000                   0.549              0.000               0.011                     2.200              0.837                 4.708
  341 89a8b1b0b77ffff       14.563 -22.422 -41.830                     0.000            0.000                   0.430              0.000               0.000                     1.356              0.900                 0.617
  342 89a8b1b0b63ffff       15.000 -22.420 -41.827                     0.000            0.231                   0.571              0.008               0.006                     2.200              0.584                 1.519
  343 89a8b1a2427ffff       15.000 -22.410 -41.817                     0.000            1.231                   1.084              0.288               0.467                     2.200              0.001                 6.300
  344 89a8b1a25dbffff       15.000 -22.414 -41.820                     0.000            1.023                   1.262              0.084               0.138                     2.200              0.069                 6.402
  345 89a8b1a2553ffff       15.000 -22.408 -41.820                     0.000            1.097                   1.248              0.327               0.401                     2.200              0.007                 6.798
  346 89a8b1a25c3ffff       15.000 -22.413 -41.823                     0.000            0.727                   0.822              0.168               0.110                     2.200              0.176                 7.129
  347 89a8b1a255bffff       15.000 -22.407 -41.817                     0.000            1.189                   1.625              0.377               0.622                     2.200              0.000                 5.110
  348 89a8b1a251bffff       15.000 -22.408 -41.826                     0.000            0.528                   0.965              0.242               0.153                     2.200              0.250                 5.772
  349 89a8b1a25c7ffff       15.000 -22.411 -41.826                     0.000            0.443                   0.739              0.139               0.077                     2.200              0.291                 6.616
  350 89a8b1a242fffff       15.000 -22.408 -41.814                     0.019            1.227                   1.273              0.326               0.679                     2.200              0.000                 4.269
  351 89a8b1a25cfffff       15.000 -22.410 -41.823                     0.000            0.996                   1.011              0.285               0.211                     2.200              0.089                 7.276
  352 89a8b1a25cbffff       15.000 -22.411 -41.820                     0.000            1.149                   0.955              0.239               0.272                     2.200              0.039                 7.391
  353 89a8b1a2437ffff       15.000 -22.413 -41.817                     0.000            1.269                   1.369              0.164               0.289                     2.200              0.014                 5.951
  354 89a8b1a2513ffff       15.000 -22.409 -41.829                     0.000            0.169                   0.668              0.125               0.064                     2.200              0.518                 4.740
  355 89a8b1a2423ffff       15.000 -22.411 -41.814                     0.000            1.250                   1.497              0.196               0.473                     2.200              0.001                 4.511
  356 89a8b1a25d7ffff       15.000 -22.414 -41.826                     0.000            0.239                   0.644              0.013               0.020                     2.200              0.544                 5.584
  357 89a8b1b0b6fffff       15.723 -22.417 -41.827                     0.000            0.231                   0.637              0.013               0.009                     2.200              0.584                 3.467

=== MID (10 cells, 40-60 score) ===
 rank           h3_id  score_final     lat     lon  score_commercial_density  score_mixed_use  score_anchor_proximity  score_residential  score_connectivity  penalty_void_or_inviable  penalty_isolation  landuse_inviavel_pct
    1 89a8b1b0b4fffff       41.372 -22.424 -41.821                     0.000            0.231                   0.653              0.008               0.006                     1.026              0.584                 0.467
    2 89a8b1a24b3ffff       46.109 -22.422 -41.817                     0.000            0.567                   0.818              0.035               0.027                     1.528              0.379                 0.695
    3 89a8b1a2613ffff       47.849 -22.410 -41.786                     0.014            0.170                   0.551              0.004               0.006                     0.012              0.584                 0.006
    4 89a8b1a24a7ffff       49.870 -22.417 -41.820                     0.000            0.830                   1.216              0.074               0.066                     2.200              0.160                 3.851
    5 89a8b1a2487ffff       50.133 -22.424 -41.814                     0.000            0.461                   0.659              0.025               0.021                     0.254              0.506                 0.116
    6 89a8b1a241bffff       51.776 -22.419 -41.805                     0.000            0.519                   0.616              0.041               0.033                     0.001              0.506                 0.000
    7 89a8b1a2417ffff       53.259 -22.419 -41.811                     0.000            1.060                   0.822              0.083               0.094                     1.611              0.135                 0.732
    8 89a8b1a268fffff       54.056 -22.412 -41.790                     0.073            0.525                   0.588              0.005               0.012                     0.012              0.229                 0.006
    9 89a8b1a2687ffff       54.840 -22.413 -41.793                     0.073            0.579                   0.599              0.011               0.018                     0.012              0.198                 0.006
   10 89a8b1a24abffff       55.561 -22.417 -41.814                     0.000            1.128                   1.247              0.116               0.128                     2.200              0.068                 2.077

=== OVERALL ===
count    357.00
mean      41.96
std       24.72
min        0.08
10%       23.09
25%       27.86
50%       30.00
75%       55.56
90%       85.48
95%       94.78
max      100.00
Name: score, dtype: float64

by class:
class
ruim          227
muito bom      45
bom            39
médio          24
muito ruim     22
Name: count, dtype: int64

=== RED FLAGS ===
 - 1 cells score>70 with raw unsuitable_frac>0.3 (cell itself sits on inviable landuse)
 - bucket 80-100 (45) larger than 60-80 (39) — possible rank-blend distortion

=== POI composition of TOP 10 cells (raw counts per cell) ===
             h3  score    lat    lon  shop  supermarket  food  pharmacy  healthcare  education  fitness  office  bank  transport  leisure  fuel
89a8b1a2637ffff 100.00 -22.40 -41.80     5            2     8         0           0          1        1       1     3          0        3     0
89a8b1a20cbffff  99.92 -22.40 -41.80     2            0     1         1           0          1        0       0     0          1        1     0
89a8b1a2627ffff  99.83 -22.40 -41.80     0            0     0         0           0          0        0       0     0          0        1     0
89a8b1a2623ffff  99.75 -22.40 -41.79     1            0     5         0           0          0        2       1     1          1        3     0
89a8b1a20dbffff  99.66 -22.40 -41.80     7            2    16         3           1          1        2       1     1          2        0     0
89a8b1a2053ffff  99.58 -22.40 -41.80     0            0     0         0           0          0        0       0     0          4        1     0
89a8b1a20c3ffff  99.50 -22.40 -41.80     0            0     0         0           0          1        0       0     0          1        0     0
89a8b1a20d3ffff  99.41 -22.41 -41.80     0            0     1         0           1          0        2       0     0          2        0     0
89a8b1a262fffff  99.33 -22.40 -41.79     4            2     1         1           0          0        0       0     0          5        0     2
89a8b1a20cfffff  99.24 -22.40 -41.80     0            0     0         0           0          0        0       0     0          0        0     0
